14.0
100.0
12.0
15.0
518.83
139.5
407.92
118.0
13.0
28.0
36.5
10.0
9.54
9.99
5.95
1.89
3.0
11.18
5.54
34.99
9.89
154.99
8.73
14.95
12.0
9.95
70.0
7.8
11.95
5.95
5.95
7.95
39.95
1.95
7.5
2.95
3.95
3.95
3.95
3.95
3.95
3.95
7.95
7.95
19.8
9.9
44.849999999999994
24.95
0.0
0.0
0.0
3.18
15.8
8.5
0.9
1.49
3.0
4.9
5.1
7.6
10.81
3.5
22.54
9.76
3.78
16.5
0.92
6.99
0.68
8.01
12.36
['']
48.5
47.75
30.5
29.75
3.0
13.23
199.0
40.0
64.5
38.5
63.99
31.4
2762.8300000000013
